82 2a 0c c4 
40 0c 0e 00 
07 01 04 00 
0b 00 01 12 
54 9b a9 01 
f8 9b a9 01 
18 9c a9 01 
78 9c a9 01 
90 9c a9 01 
a8 9c a9 01 
08 9d a9 01 
68 9d a9 01 
80 9d a9 01 
9f 9d a9 01 
be 9d a9 01 
c8 9d a9 01 
38 9e a9 01 
40 9e a9 01 
bc 9e a9 01 
dc 9e a9 01 
b4 9f a9 01 
d4 9f a9 01 
e4 9f a9 01 
f0 9f a9 01 
f8 9f a9 01 
20 a0 a9 01 
58 a0 a9 01 
5c a0 a9 01 
64 a0 a9 01 
70 a0 a9 01 
71 a0 a9 01 
74 a0 a9 01 
78 a0 a9 01 
f4 a0 a9 01 
68 a2 a9 01 
74 a2 a9 01 
80 a2 a9 01 
8c a2 a9 01 
ec a2 a9 01 
7c a3 a9 01 
a0 a3 a9 01 
17 00 1e 00 
0d 00 00 00 
09 00 00 00 
01 00 07 00 
03 00 01 00 
02 00 35 00 
01 00 00 00 
08 06 01 00 
b7 09 a2 01 
31 71 a6 01 
0d 7b a6 01 
2b 71 a6 01 
43 7b a6 01 
81 7b a6 01 
bf 7b a6 01 
fd 7b a6 01 
3b 7c a6 01 
25 71 a6 01 
19 71 a6 01 
1f 71 a6 01 
11 3e a3 01 
13 71 a6 01 
0d 71 a6 01 
07 71 a6 01 
01 71 a6 01 
fb 70 a6 01 
f5 70 a6 01 
ef 70 a6 01 
e9 70 a6 01 
b5 09 a2 01 
fb 3a a7 01 
00 00 00 00 
01 00 01 01 
01 01 01 01 
01 01 01 01 
00 01 01 01 
01 01 01 01 
01 00 01 00 
01 01 01 01 
01 01 01 01 
01 01 01 01 
01 00 00 00 
00 00 00 01 
01 01 01 00 
00 7d 00 00 
00 76 00 00 
00 40 00 00 
00 50 00 00 
00 54 00 00 
00 58 00 00 
00 5c 00 00 
00 60 00 00 
00 64 00 00 
00 00 00 00 
00 6c 00 00 
00 68 00 00 
00 44 00 00 
00 08 00 00 
00 10 00 00 
00 18 00 00 
00 20 00 00 
00 28 00 00 
00 30 00 00 
00 48 00 00 
00 4c 00 00 
20 7d 00 00 
00 78 00 00 
00 00 00 00 
20 7d 00 00 
00 78 00 00 
00 44 00 00 
00 54 00 00 
00 58 00 00 
00 5c 00 00 
00 60 00 00 
00 64 00 00 
00 68 00 00 
00 08 00 00 
00 70 00 00 
00 6c 00 00 
00 48 00 00 
00 10 00 00 
00 18 00 00 
00 20 00 00 
00 28 00 00 
00 30 00 00 
00 38 00 00 
00 4c 00 00 
00 50 00 00 
40 7d 00 00 
00 7a 00 00 
00 00 00 00 
08 00 00 00 
00 00 00 00 
00 00 01 00 
00 02 03 04 
05 06 07 00 
00 08 00 ff 
01 01 01 01 
01 01 01 01 
01 01 01 01 
01 01 01 01 
01 01 01 01 
01 01 01 01 
01 01 01 01 
01 01 00 00 
00 00 00 00 
00 00 00 00 
00 00 00 00 
00 00 00 00 
00 00 08 00 
00 00 00 00 
00 00 00 08 
00 ff 01 01 
00 00 00 00 
00 00 01 00 
4f 71 a6 01 
00 00 00 00 
67 71 a6 01 
00 00 00 00 
43 71 a6 01 
00 00 00 00 
5d 71 a6 01 
00 00 00 00 
39 71 a6 01 
00 00 00 00 
6d 71 a6 01 
00 00 00 00 
49 71 a6 01 
00 00 00 00 
51 10 a7 01 
00 00 00 00 
b1 72 a6 01 
00 00 00 00 
c5 1e a3 01 
00 00 00 00 
51 41 a6 01 
00 00 00 00 
4f 4e a3 01 
00 00 00 00 
bb 09 a2 01 
08 00 00 00 
00 00 00 00 
00 00 00 00 
00 00 00 00 
00 00 00 00 
97 3e a6 01 
d7 40 a6 01 
bf 40 a6 01 
af 3e a6 01 
c7 3e a6 01 
df 3e a6 01 
f7 3e a6 01 
0f 3f a6 01 
27 3f a6 01 
3f 3f a6 01 
57 3f a6 01 
6f 3f a6 01 
87 3f a6 01 
ef 40 a6 01 
07 41 a6 01 
9f 3f a6 01 
b7 3f a6 01 
cf 3f a6 01 
e7 3f a6 01 
d1 04 a2 01 
ff 3f a6 01 
17 40 a6 01 
2f 40 a6 01 
47 40 a6 01 
8f 40 a6 01 
a7 40 a6 01 
5f 40 a6 01 
77 40 a6 01 
b9 09 a2 01 
65 37 a2 01 
00 00 00 00 
00 00 00 00 
00 00 00 00 
00 00 00 00 
00 00 00 00 
00 00 00 00 
00 00 00 00 
00 00 00 00 
00 00 00 00 
00 00 00 00 
00 00 00 00 
00 00 00 00 
00 00 00 00 
00 00 00 00 
00 00 00 00 
00 00 00 00 
00 00 00 00 
00 00 00 00 
00 00 00 00 
00 00 00 00 
00 00 00 00 
00 00 00 00 
00 00 00 00 
00 00 00 00 
00 00 00 00 
00 00 00 00 
00 00 00 00 
00 00 00 00 
00 00 00 00 
00 00 00 00 
00 00 00 00 
00 00 00 00 
00 00 00 00 
00 00 00 00 
00 00 00 00 
00 00 00 00 
00 00 00 00 
00 00 00 00 
00 00 00 00 
00 00 00 00 
00 00 00 00 
00 00 00 00 
00 00 00 00 
00 00 00 00 
00 00 00 00 
00 00 00 00 
00 00 00 00 
00 00 00 00 
00 00 00 00 
00 00 00 00 
00 00 00 00 
00 00 00 00 
00 00 00 00 
00 00 00 00 
00 00 00 00 
00 00 00 00 
00 00 00 00 
00 00 00 00 
00 00 00 00 
00 00 00 00 
00 00 00 00 
00 00 00 00 
00 00 00 00 
00 00 00 00 
00 00 00 00 
00 00 00 00 
00 00 00 00 
00 00 00 00 
00 00 00 00 
00 00 00 00 
00 00 00 00 
00 00 00 00 
00 00 00 00 
00 00 00 00 
00 00 00 00 
00 00 00 00 
00 00 00 00 
00 00 00 00 
00 00 00 00 
00 00 00 00 
00 00 00 00 
00 00 00 00 
00 00 00 00 
00 00 00 00 
00 00 00 00 
00 00 00 00 
00 00 00 00 
00 00 00 00 
00 00 00 00 
00 00 00 00 
00 00 00 00 
00 00 00 00 
00 00 00 00 
00 00 00 00 
00 00 00 00 
00 00 00 00 
00 00 00 00 
00 00 00 00 
00 00 00 00 
00 00 00 00 
00 00 00 00 
00 00 00 00 
00 00 00 00 
00 00 00 00 
00 00 00 00 
78 08 01 00 
00 00 00 00 
00 00 00 00 
00 00 00 00 
00 00 00 00 
00 00 00 00 
00 00 00 00 
f4 a0 a9 01 
00 a1 a9 01 
0c a1 a9 01 
18 a1 a9 01 
24 a1 a9 01 
30 a1 a9 01 
3c a1 a9 01 
48 a1 a9 01 
54 a1 a9 01 
60 a1 a9 01 
6c a1 a9 01 
78 a1 a9 01 
84 a1 a9 01 
90 a1 a9 01 
9c a1 a9 01 
a8 a1 a9 01 
b4 a1 a9 01 
c0 a1 a9 01 
cc a1 a9 01 
d8 a1 a9 01 
e4 a1 a9 01 
f0 a1 a9 01 
fc a1 a9 01 
08 a2 a9 01 
14 a2 a9 01 
20 a2 a9 01 
2c a2 a9 01 
38 a2 a9 01 
44 a2 a9 01 
50 a2 a9 01 
00 00 00 00 
00 70 00 00 
00 72 00 00 
11 00 00 00 
00 7c 00 00 
00 7d 00 00 
0f 00 00 00 
00 7c 00 00 
00 7d 00 00 
0f 00 00 00 
00 38 00 00 
00 3c 00 00 
13 00 00 00 
00 38 00 00 
00 3c 00 00 
13 00 00 00 
00 38 00 00 
00 3c 00 00 
13 00 00 00 
00 38 00 00 
00 3c 00 00 
13 00 00 00 
00 38 00 00 
00 3c 00 00 
13 00 00 00 
00 38 00 00 
00 3c 00 00 
13 00 00 00 
00 38 00 00 
00 3c 00 00 
13 00 00 00 
00 70 00 00 
00 72 00 00 
11 00 00 00 
00 70 00 00 
00 72 00 00 
11 00 00 00 
00 72 00 00 
00 74 00 00 
11 00 00 00 
00 74 00 00 
00 76 00 00 
11 00 00 00 
00 74 00 00 
00 76 00 00 
11 00 00 00 
00 7c 00 00 
00 7d 00 00 
0f 00 00 00 
00 7c 00 00 
00 7d 00 00 
0f 00 00 00 
00 7b 00 00 
00 7c 00 00 
0f 00 00 00 
00 72 00 00 
00 74 00 00 
11 00 00 00 
00 74 00 00 
00 76 00 00 
11 00 00 00 
00 72 00 00 
00 74 00 00 
11 00 00 00 
00 72 00 00 
00 74 00 00 
11 00 00 00 
00 7a 00 00 
00 7b 00 00 
0f 00 00 00 
00 7a 00 00 
00 7b 00 00 
0f 00 00 00 
00 72 00 00 
00 74 00 00 
11 00 00 00 
00 72 00 00 
00 74 00 00 
11 00 00 00 
00 72 00 00 
00 74 00 00 
11 00 00 00 
00 72 00 00 
00 74 00 00 
11 00 00 00 
00 00 00 00 
00 00 00 00 
00 00 00 00 
00 38 00 00 
00 3c 00 00 
13 00 00 00 
00 00 00 00 
00 00 00 00 
00 00 00 00 
00 3c 00 00 
00 40 00 00 
13 00 00 00 
00 00 05 02 
00 02 05 02 
11 00 00 00 
00 02 05 02 
00 04 05 02 
11 00 00 00 
09 00 00 00 
11 00 00 00 
13 00 00 00 
13 00 00 00 
13 00 00 00 
13 00 00 00 
13 00 00 00 
13 00 00 00 
13 00 00 00 
15 00 00 00 
13 00 00 00 
13 00 00 00 
13 00 00 00 
15 00 00 00 
15 00 00 00 
15 00 00 00 
15 00 00 00 
15 00 00 00 
15 00 00 00 
13 00 00 00 
13 00 00 00 
09 00 00 00 
11 00 00 00 
00 00 00 00 
00 00 00 00 
00 00 00 00 
0b 12 00 00 
3d 00 00 00 
03 00 00 00 
00 00 80 0e 
00 12 00 00 
1d 00 00 00 
04 00 00 00 
00 00 00 00 
0b 16 00 00 
1d 00 00 00 
06 00 00 00 
00 f0 04 02 
0b 13 00 00 
15 00 00 00 
0c 00 00 00 
00 00 80 01 
0b 06 00 00 
2d c3 00 00 
0d 00 00 00 
00 00 a0 01 
0b 16 00 00 
21 00 00 00 
0e 00 00 00 
00 00 80 00 
0b 06 00 00 
2d c3 00 00 
0f 00 00 00 
00 00 00 00 
0b 10 00 00 
0d 00 00 00 
00 00 00 00 
00 00 00 00 
00 00 00 00 
00 00 00 00 
a0 a3 a9 01 
10 a4 a9 01 
80 a4 a9 01 
f0 a4 a9 01 
60 a5 a9 01 
d0 a5 a9 01 
40 a6 a9 01 
b0 a6 a9 01 
20 a7 a9 01 
01 00 00 00 
00 00 01 00 
0b 11 00 00 
21 00 00 00 
02 00 00 00 
00 00 05 02 
0b 11 00 00 
1d 00 00 00 
08 00 00 00 
00 00 00 02 
0b 16 00 00 
23 80 00 00 
09 00 00 00 
00 80 04 02 
0b 16 00 00 
1d 80 00 00 
0a 00 00 00 
00 80 00 00 
0b 12 00 00 
1d 00 00 00 
0b 00 00 00 
00 00 04 02 
0b 16 00 00 
1d 00 00 00 
00 00 00 00 
00 00 00 00 
00 00 00 00 
00 00 00 00 
01 00 00 00 
00 00 01 00 
0b 11 00 00 
21 00 00 00 
02 00 00 00 
00 00 05 02 
0b 12 00 00 
1d 00 00 00 
08 00 00 00 
00 00 00 02 
0b 13 00 00 
23 00 00 00 
09 00 00 00 
00 80 04 02 
0b 13 00 00 
1d 00 00 00 
0a 00 00 00 
00 80 00 00 
0b 13 00 00 
1d 00 00 00 
0b 00 00 00 
00 00 04 02 
0b 13 00 00 
1d 00 00 00 
00 00 00 00 
00 00 00 00 
00 00 00 00 
00 00 00 00 
01 00 00 00 
00 00 01 00 
0b 12 00 00 
21 00 00 00 
02 00 00 00 
00 00 05 02 
0b 12 00 00 
1d 00 00 00 
08 00 00 00 
00 00 00 02 
0b 13 00 00 
1d 00 00 00 
09 00 00 00 
00 80 04 02 
0b 13 00 00 
17 00 00 00 
0a 00 00 00 
00 80 00 00 
0b 10 00 00 
1d 00 00 00 
0b 00 00 00 
00 00 04 02 
0b 12 00 00 
1d 00 00 00 
00 00 00 00 
00 00 00 00 
00 00 00 00 
00 00 00 00 
01 00 00 00 
00 00 01 00 
0b 12 00 00 
21 00 00 00 
02 00 00 00 
00 00 05 02 
0b 12 00 00 
1d 00 00 00 
08 00 00 00 
00 80 00 02 
0b 13 00 00 
1d 00 00 00 
09 00 00 00 
00 90 04 02 
0b 13 00 00 
17 00 00 00 
0a 00 00 00 
00 80 00 00 
0b 10 00 00 
1d 00 00 00 
0b 00 00 00 
00 00 04 02 
0b 12 00 00 
1d 00 00 00 
00 00 00 00 
00 00 00 00 
00 00 00 00 
00 00 00 00 
01 00 00 00 
00 00 01 00 
0b 12 00 00 
21 00 00 00 
02 00 00 00 
00 00 05 02 
0b 12 00 00 
1d 00 00 00 
08 00 00 00 
00 00 01 02 
0b 13 00 00 
1d 00 00 00 
09 00 00 00 
00 a0 04 02 
0b 13 00 00 
17 00 00 00 
0a 00 00 00 
00 80 00 00 
0b 10 00 00 
1d 00 00 00 
0b 00 00 00 
00 00 04 02 
0b 12 00 00 
1d 00 00 00 
00 00 00 00 
00 00 00 00 
00 00 00 00 
00 00 00 00 
01 00 00 00 
00 00 01 00 
0b 12 00 00 
21 00 00 00 
02 00 00 00 
00 00 05 02 
0b 12 00 00 
1d 00 00 00 
08 00 00 00 
00 80 01 02 
0b 13 00 00 
1d 00 00 00 
09 00 00 00 
00 b0 04 02 
0b 13 00 00 
17 00 00 00 
0a 00 00 00 
00 80 00 00 
0b 10 00 00 
1d 00 00 00 
0b 00 00 00 
00 00 04 02 
0b 12 00 00 
1d 00 00 00 
00 00 00 00 
00 00 00 00 
00 00 00 00 
00 00 00 00 
01 00 00 00 
00 00 01 00 
0b 12 00 00 
21 00 00 00 
02 00 00 00 
00 00 05 02 
0b 12 00 00 
1d 00 00 00 
08 00 00 00 
00 00 02 02 
0b 13 00 00 
1d 00 00 00 
09 00 00 00 
00 c0 04 02 
0b 13 00 00 
17 00 00 00 
0a 00 00 00 
00 80 00 00 
0b 10 00 00 
1d 00 00 00 
0b 00 00 00 
00 00 04 02 
0b 12 00 00 
1d 00 00 00 
00 00 00 00 
00 00 00 00 
00 00 00 00 
00 00 00 00 
01 00 00 00 
00 00 01 00 
0b 12 00 00 
21 00 00 00 
02 00 00 00 
00 00 05 02 
0b 12 00 00 
1d 00 00 00 
08 00 00 00 
00 80 02 02 
0b 13 00 00 
1d 00 00 00 
09 00 00 00 
00 d0 04 02 
0b 13 00 00 
17 00 00 00 
0a 00 00 00 
00 80 00 00 
0b 10 00 00 
1d 00 00 00 
0b 00 00 00 
00 00 04 02 
0b 12 00 00 
1d 00 00 00 
00 00 00 00 
00 00 00 00 
00 00 00 00 
00 00 00 00 
01 00 00 00 
00 00 00 00 
00 00 00 00 
00 00 00 00 
02 00 00 00 
00 00 00 00 
00 00 00 00 
00 00 00 00 
08 00 00 00 
00 00 00 00 
00 00 00 00 
00 00 00 00 
09 00 00 00 
00 00 00 00 
00 00 00 00 
00 00 00 00 
0a 00 00 00 
00 00 00 00 
00 00 00 00 
00 00 00 00 
0b 00 00 00 
00 00 00 00 
00 00 00 00 
00 00 00 00 
00 00 00 00 
00 00 00 00 
00 00 00 00 
00 00 00 00 
00 00 62 2d 
